20
232959116 56689
4 9 1 999903057
640834505 28785
3 9 1 999946125
66 39
35 2 589 66
131 74
1 9 10 78736
1000000000 100000
99999 1 99999 100000
977365070 59489
8 5 9 999966210
28 21
6 5 1 85919
46 18
7 11 9 46
714311129 39521
9 5 9 999998192
1000000000 100000
1 1 0 2
177 73
7 7 5 56401
97 39
34 37 656 97
1000000000 1
12 7 74 12
59 26
14 19 681 59
164 96
76 2 193 164
112 73
1 5 3 64100
1000000000 100000
999999999 1 999999999 1000000000
1000000000 100000
100000 1 0 1000000000
73 26
5 8 4 54214
137 49
48 17 461 137
