100
2
0 1
0 2
3
2 2
0 0
4 4
1
1 1
5
0 5
0 1
1 1
4 7
5 6
3
3 4
3 5
0 1
7
5 7
6 11
3 9
12 13
0 4
2 8
1 10
5
1 8
6 9
2 7
0 5
3 4
8
0 5
0 3
0 3
0 5
0 1
0 15
0 2
0 3
2
0 1
0 3
3
0 5
0 1
0 3
6
6 7
2 7
0 2
4 9
1 6
9 9
3
2 3
4 4
0 0
2
0 0
2 2
4
7 7
0 1
1 5
1 2
1
1330 1614
3
0 3
0 3
3 5
3
760 772
49 1186
24 34
4
2 2
3 4
0 4
1 6
7
0 1
11 11
6 10
1 6
4 8
2 8
4 13
9
18 738
151 982
1154 1537
275 319
437 600
1041 1131
884 884
641 1582
40 450
2
0 3
1 2
10
0 10
0 8
0 6
0 7
0 10
0 4
0 19
0 4
0 10
0 1
5
0 6
2 6
0 6
4 4
0 7
6
2 4
1 4
4 8
1 2
3 11
5 5
1
0 1
7
8 8
12 13
2 9
0 4
2 4
0 2
2 11
4
0 3
2 7
2 6
0 2
3
0 0
0 0
0 0
8
0 7
0 4
0 5
0 5
0 1
0 3
0 3
0 15
9
1 2
4 14
9 15
4 8
6 6
0 9
0 5
15 17
9 11
10
0 17
0 4
7 14
8 8
15 17
0 6
0 0
0 5
14 15
11 11
1
0 2
8
6 15
4 11
0 8
9 13
7 10
1 5
12 14
2 3
2
0 3
0 3
9
0 8
0 1
0 4
0 2
0 5
0 4
0 4
0 4
0 17
5
0 8
0 5
8 9
2 6
1 3
3
4 4
0 0
0 4
1
0 2
9
0 2
11 11
9 12
3 11
6 7
2 8
12 13
9 12
2 5
10
0 4
0 5
0 4
0 19
0 1
0 8
0 5
0 2
0 10
0 2
7
4 7
6 7
6 6
1 2
0 6
3 6
11 13
3
3 4
1 2
0 5
6
0 10
4 4
0 4
8 11
4 8
0 4
7
5 7
4 5
0 3
8 12
1 8
3 5
8 11
10
6 10
10 15
15 18
0 10
0 5
7 18
2 8
3 3
6 10
10 10
3
0 5
0 3
0 4
10
15 18
3 9
0 12
13 13
2 13
4 6
0 11
7 11
3 4
13 17
7
5 9
2 3
0 0
1 3
12 12
7 8
8 12
8
0 2
0 3
0 3
0 3
0 6
0 1
0 15
0 5
8
7 13
2 6
3 8
5 15
0 2
9 13
1 12
8 8
7
313 1705
269 667
299 1481
53 1355
1517 1731
1 1639
449 452
6
4 8
0 2
5 9
0 2
5 9
6 11
4
5 6
2 7
3 4
0 1
10
0 10
0 1
0 10
0 9
0 2
0 7
0 10
0 19
0 9
0 9
1
0 2
1
0 2
5
4 8
0 5
5 9
2 6
1 1
8
1 2
0 3
4 6
2 10
11 11
9 14
4 14
6 13
7
4 6
6 8
0 2
0 5
4 6
6 13
6 8
10
4 14
1 6
7 12
0 6
4 13
1 12
18 19
1 12
4 4
6 12
4
638 759
137 738
239 317
278 502
7
2 4
2 7
0 7
6 11
10 11
4 6
1 4
7
0 1
0 6
0 4
0 5
0 3
0 2
0 13
2
3 3
0 1
3
0 2
1 3
4 5
4
0 7
4 5
1 4
0 4
3
3 5
1 5
0 0
1
0 1
8
13 15
7 10
0 5
6 13
3 10
5 11
0 1
1 6
5
6 9
1 3
6 9
0 4
0 5
7
0 10
6 7
11 13
1 12
4 9
3 5
2 8
8
0 9
6 9
12 13
1 12
2 3
6 12
3 15
1 8
4
4 5
6 7
0 1
2 3
6
1 6
6 8
0 8
6 9
2 8
1 4
5
658 1826
712 782
387 667
79 397
4 227
1
0 1
6
6 7
4 9
2 4
0 7
0 7
1 9
8
0 1
0 2
0 5
0 4
0 4
0 4
0 15
0 5
8
0 7
11 12
2 3
4 8
1 2
10 11
2 14
7 7
10
2001 2001
2001 2001
2001 2001
2001 2001
2001 2001
2001 2001
2001 2001
2001 2001
2001 2001
2001 2001
1
0 2
7
5 7
3 9
0 8
0 3
0 6
10 12
9 13
3
0 4
0 4
0 3
5
701 1102
1154 1541
784 1596
364 756
88 351
6
3 4
0 0
4 4
0 10
7 10
4 4
1
0 1
5
0 2
0 9
0 5
0 5
0 1
10
0 4
0 1
0 9
0 2
0 2
0 5
0 9
0 3
0 19
0 4
8
0 2
0 6
0 1
0 15
0 2
0 5
0 8
0 4
3
3 4
1 2
0 4
4
4 6
4 6
0 0
2 4
3
1 2
0 1
3 5
10
4 9
11 15
0 15
1 11
12 16
2 2
8 17
2 12
2 15
0 9
7
5 8
2 10
6 10
10 11
0 3
5 6
0 9
1
0 0
8
3 9
4 5
0 5
11 13
1 2
5 14
11 14
9 10
4
1 3
5 6
0 1
5 5
4
0 1
5 5
5 5
2 2
9
1554 1577
789 1221
77 198
489 1193
1610 1685
94 822
534 976
202 478
524 1504
4
0 4
0 2
0 7
0 1
