20
2 5
0.600000 0.600000
1 20
1.000000
3 4
1.000000 0.900000 0.100000
3 10
0.197632 0.854015 0.197902
2 7
0.999374 0.139654
2 4
0.000004 0.000002
3 10
0.956454 0.077683 0.927115
3 5
0.408108 0.422166 0.494978
2 5
0.907419 0.911687
3 10
0.814034 0.911676 0.034347
3 100
0.424610 0.147022 0.420655
3 42
0.000009 0.000007 0.000004
2 7
0.173106 0.800087
2 3
0.999998 0.999998
3 42
1.000000 0.999999 0.999999
1 4
0.999999
3 17
0.740256 0.304784 0.753175
2 60
0.699110 0.585816
1 3
0.000002
3 4
1.000000 1.000000 0.591092
